# time	B0_r_i(1)	B0_r_i(2)	B0_r_i(3)	0_A_i(1,1)	0_A_i(1,2)	0_A_i(1,3)	0_A_i(2,1)	...
0.000000	0.000000	0.000000	0.000000	0.894447	0.447173	0.000000	-0.447173	0.894447	0.000000	0.000000	0.000000	1.000000	0.000000	0.000000	0.000000	0.526908	-0.722775	-0.447173	-0.263424	0.361347	-0.894447	0.808069	0.589088	0.000000	0.096951	-0.048470	0.148685	0.893390	0.043490	0.447173	-0.446644	-0.021742	0.894447	0.048622	-0.998817	-0.000000	0.197494	-0.098736	-0.042075	0.893390	-0.447173	0.043490	-0.446644	-0.894447	-0.021742	0.048622	0.000000	-0.998817	0.197494	-0.098736	-0.042075	0.893390	0.043490	0.447173	-0.446644	-0.021742	0.894447	0.048622	-0.998817	-0.000000	0.200017	-0.099997	-0.100007	0.893390	-0.447173	0.043490	-0.446644	-0.894447	-0.021742	0.048622	0.000000	-0.998817	
0.001000	0.000000	0.000000	0.000000	0.894447	0.447174	0.000000	-0.447174	0.894447	0.000000	0.000000	0.000000	1.000000	0.000000	0.000000	0.000000	0.526904	-0.722778	-0.447174	-0.263423	0.361349	-0.894447	0.808072	0.589083	0.000000	0.096950	-0.048470	0.148685	0.893388	0.043505	0.447174	-0.446645	-0.021750	0.894447	0.048640	-0.998816	-0.000000	0.197496	-0.098737	-0.042073	0.893389	-0.447173	0.043505	-0.446644	-0.894447	-0.021750	0.048640	0.000000	-0.998816	0.197496	-0.098737	-0.042073	0.893388	0.043521	0.447173	-0.446643	-0.021758	0.894447	0.048657	-0.998816	-0.000000	0.200021	-0.099999	-0.100004	0.893387	-0.447175	0.043521	-0.446646	-0.894446	-0.021758	0.048657	-0.000000	-0.998816	
0.002000	0.000000	0.000000	0.000000	0.894447	0.447175	0.000000	-0.447175	0.894447	0.000000	0.000000	0.000000	1.000000	0.000000	0.000000	0.000000	0.526899	-0.722781	-0.447175	-0.263421	0.361351	-0.894447	0.808076	0.589078	0.000000	0.096949	-0.048469	0.148686	0.893387	0.043522	0.447175	-0.446645	-0.021758	0.894447	0.048658	-0.998816	-0.000000	0.197499	-0.098739	-0.042070	0.893388	-0.447173	0.043522	-0.446643	-0.894447	-0.021758	0.048658	0.000000	-0.998816	0.197499	-0.098739	-0.042070	0.893386	0.043554	0.447173	-0.446643	-0.021774	0.894447	0.048693	-0.998814	-0.000000	0.200025	-0.100002	-0.100001	0.893382	-0.447181	0.043554	-0.446651	-0.894443	-0.021774	0.048693	-0.000000	-0.998814	
0.003000	0.000000	0.000000	0.000000	0.894446	0.447176	0.000000	-0.447176	0.894446	0.000000	0.000000	0.000000	1.000000	0.000000	0.000000	0.000000	0.526895	-0.722783	-0.447176	-0.263420	0.361354	-0.894446	0.808079	0.589074	0.000000	0.096949	-0.048469	0.148687	0.893386	0.043538	0.447176	-0.446646	-0.021767	0.894446	0.048676	-0.998815	-0.000000	0.197501	-0.098740	-0.042067	0.893387	-0.447173	0.043538	-0.446643	-0.894447	-0.021767	0.048676	0.000000	-0.998815	0.197501	-0.098740	-0.042067	0.893385	0.043587	0.447173	-0.446642	-0.021791	0.894447	0.048731	-0.998812	-0.000000	0.200029	-0.100004	-0.099999	0.893376	-0.447191	0.043587	-0.446660	-0.894439	-0.021791	0.048731	-0.000001	-0.998812	
0.004000	0.000000	0.000000	0.000000	0.894445	0.447178	0.000000	-0.447178	0.894445	0.000000	0.000000	0.000000	1.000000	0.000000	0.000000	0.000000	0.526890	-0.722786	-0.447178	-0.263418	0.361357	-0.894445	0.808083	0.589069	0.000000	0.096948	-0.048469	0.148687	0.893384	0.043555	0.447178	-0.446647	-0.021775	0.894445	0.048695	-0.998814	-0.000000	0.197503	-0.098742	-0.042065	0.893386	-0.447173	0.043555	-0.446643	-0.894447	-0.021775	0.048695	0.000000	-0.998814	0.197503	-0.098742	-0.042065	0.893383	0.043622	0.447173	-0.446641	-0.021809	0.894447	0.048770	-0.998810	-0.000000	0.200033	-0.100007	-0.099996	0.893367	-0.447204	0.043622	-0.446672	-0.894432	-0.021809	0.048770	-0.000001	-0.998810	
0.005000	0.000000	0.000000	0.000000	0.894444	0.447180	0.000000	-0.447180	0.894444	0.000000	0.000000	0.000000	1.000000	0.000000	0.000000	0.000000	0.526885	-0.722788	-0.447180	-0.263417	0.361360	-0.894444	0.808086	0.589064	0.000000	0.096947	-0.048469	0.148688	0.893382	0.043572	0.447180	-0.446649	-0.021784	0.894444	0.048714	-0.998813	-0.000000	0.197505	-0.098743	-0.042062	0.893385	-0.447173	0.043572	-0.446642	-0.894447	-0.021784	0.048714	0.000000	-0.998813	0.197505	-0.098743	-0.042062	0.893381	0.043657	0.447173	-0.446640	-0.021827	0.894447	0.048809	-0.998808	-0.000000	0.200037	-0.100009	-0.099993	0.893357	-0.447222	0.043657	-0.446689	-0.894423	-0.021827	0.048809	-0.000002	-0.998808	
0.006000	0.000000	0.000000	0.000000	0.894443	0.447182	0.000000	-0.447182	0.894443	0.000000	0.000000	0.000000	1.000000	0.000000	0.000000	0.000000	0.526880	-0.722791	-0.447182	-0.263416	0.361363	-0.894443	0.808090	0.589059	0.000000	0.096946	-0.048469	0.148689	0.893380	0.043590	0.447182	-0.446650	-0.021793	0.894443	0.048734	-0.998812	-0.000000	0.197508	-0.098745	-0.042059	0.893385	-0.447173	0.043590	-0.446642	-0.894447	-0.021793	0.048734	0.000000	-0.998812	0.197508	-0.098745	-0.042059	0.893380	0.043694	0.447173	-0.446639	-0.021845	0.894447	0.048850	-0.998806	-0.000000	0.200042	-0.100012	-0.099990	0.893345	-0.447243	0.043694	-0.446709	-0.894413	-0.021845	0.048850	-0.000003	-0.998806	
0.007000	0.000000	0.000000	0.000000	0.894442	0.447184	0.000000	-0.447184	0.894442	0.000000	0.000000	0.000000	1.000000	0.000000	0.000000	0.000000	0.526874	-0.722793	-0.447184	-0.263416	0.361367	-0.894442	0.808094	0.589054	0.000000	0.096945	-0.048468	0.148689	0.893378	0.043607	0.447184	-0.446653	-0.021802	0.894442	0.048754	-0.998811	-0.000000	0.197510	-0.098747	-0.042056	0.893384	-0.447173	0.043607	-0.446641	-0.894447	-0.021802	0.048754	0.000001	-0.998811	0.197510	-0.098747	-0.042056	0.893378	0.043731	0.447173	-0.446638	-0.021864	0.894447	0.048892	-0.998804	-0.000001	0.200046	-0.100015	-0.099987	0.893331	-0.447267	0.043731	-0.446733	-0.894400	-0.021864	0.048892	-0.000005	-0.998804	
0.008000	0.000000	0.000000	0.000000	0.894440	0.447187	0.000000	-0.447187	0.894440	0.000000	0.000000	0.000000	1.000000	0.000000	0.000000	0.000000	0.526869	-0.722795	-0.447187	-0.263415	0.361371	-0.894440	0.808098	0.589049	0.000000	0.096944	-0.048468	0.148690	0.893376	0.043625	0.447187	-0.446655	-0.021811	0.894440	0.048774	-0.998810	-0.000000	0.197512	-0.098749	-0.042053	0.893383	-0.447173	0.043625	-0.446641	-0.894447	-0.021811	0.048774	0.000001	-0.998810	0.197512	-0.098749	-0.042053	0.893376	0.043770	0.447173	-0.446637	-0.021883	0.894447	0.048936	-0.998802	-0.000001	0.200051	-0.100018	-0.099984	0.893314	-0.447296	0.043770	-0.446760	-0.894386	-0.021883	0.048936	-0.000006	-0.998802	
0.009000	0.000000	0.000000	0.000000	0.894439	0.447190	0.000000	-0.447190	0.894439	0.000000	0.000000	0.000000	1.000000	0.000000	0.000000	0.000000	0.526863	-0.722797	-0.447190	-0.263414	0.361375	-0.894439	0.808101	0.589044	0.000000	0.096943	-0.048468	0.148691	0.893374	0.043644	0.447190	-0.446657	-0.021820	0.894439	0.048795	-0.998809	-0.000000	0.197515	-0.098751	-0.042050	0.893382	-0.447173	0.043644	-0.446640	-0.894447	-0.021820	0.048795	0.000001	-0.998809	0.197515	-0.098751	-0.042050	0.893374	0.043810	0.447173	-0.446636	-0.021903	0.894447	0.048980	-0.998800	-0.000001	0.200056	-0.100021	-0.099980	0.893296	-0.447328	0.043810	-0.446791	-0.894370	-0.021903	0.048980	-0.000008	-0.998800	
0.010000	0.000000	0.000000	0.000000	0.894437	0.447193	0.000000	-0.447193	0.894437	0.000000	0.000000	0.000000	1.000000	0.000000	0.000000	0.000000	0.526858	-0.722799	-0.447193	-0.263414	0.361379	-0.894437	0.808105	0.589038	0.000000	0.096942	-0.048468	0.148691	0.893371	0.043663	0.447193	-0.446660	-0.021830	0.894437	0.048816	-0.998808	-0.000000	0.197517	-0.098753	-0.042047	0.893381	-0.447173	0.043663	-0.446640	-0.894447	-0.021830	0.048816	0.000001	-0.998808	0.197517	-0.098753	-0.042047	0.893372	0.043850	0.447173	-0.446635	-0.021924	0.894447	0.049025	-0.998798	-0.000001	0.200060	-0.100024	-0.099977	0.893277	-0.447364	0.043850	-0.446826	-0.894352	-0.021924	0.049025	-0.000009	-0.998798	
0.011000	0.000000	0.000000	0.000000	0.894435	0.447197	0.000000	-0.447197	0.894435	0.000000	0.000000	0.000000	1.000000	0.000000	0.000000	0.000000	0.526852	-0.722801	-0.447197	-0.263414	0.361384	-0.894435	0.808109	0.589033	0.000000	0.096941	-0.048468	0.148692	0.893368	0.043682	0.447197	-0.446663	-0.021840	0.894435	0.048837	-0.998807	-0.000000	0.197519	-0.098755	-0.042044	0.893380	-0.447173	0.043682	-0.446640	-0.894447	-0.021840	0.048837	0.000001	-0.998807	0.197519	-0.098755	-0.042044	0.893370	0.043892	0.447173	-0.446634	-0.021945	0.894447	0.049072	-0.998795	-0.000001	0.200065	-0.100028	-0.099974	0.893255	-0.447403	0.043892	-0.446864	-0.894332	-0.021945	0.049072	-0.000011	-0.998795	
0.012000	0.000000	0.000000	0.000000	0.894433	0.447201	0.000000	-0.447201	0.894433	0.000000	0.000000	0.000000	1.000000	0.000000	0.000000	0.000000	0.526846	-0.722803	-0.447201	-0.263414	0.361389	-0.894433	0.808113	0.589028	0.000000	0.096940	-0.048468	0.148693	0.893365	0.043701	0.447201	-0.446667	-0.021850	0.894433	0.048859	-0.998806	-0.000000	0.197522	-0.098757	-0.042041	0.893379	-0.447173	0.043701	-0.446639	-0.894447	-0.021850	0.048859	0.000002	-0.998806	0.197522	-0.098757	-0.042041	0.893368	0.043934	0.447173	-0.446633	-0.021966	0.894447	0.049120	-0.998793	-0.000002	0.200070	-0.100031	-0.099971	0.893231	-0.447446	0.043934	-0.446906	-0.894311	-0.021966	0.049120	-0.000013	-0.998793	
0.013000	0.000000	0.000000	0.000000	0.894431	0.447205	0.000000	-0.447205	0.894431	0.000000	0.000000	0.000000	1.000000	0.000000	0.000000	0.000000	0.526840	-0.722805	-0.447205	-0.263414	0.361394	-0.894431	0.808117	0.589022	0.000000	0.096939	-0.048468	0.148694	0.893362	0.043721	0.447205	-0.446671	-0.021860	0.894431	0.048881	-0.998805	-0.000000	0.197524	-0.098760	-0.042037	0.893378	-0.447173	0.043721	-0.446639	-0.894447	-0.021860	0.048881	0.000002	-0.998805	0.197524	-0.098760	-0.042037	0.893366	0.043978	0.447173	-0.446632	-0.021988	0.894447	0.049169	-0.998790	-0.000002	0.200075	-0.100035	-0.099967	0.893206	-0.447493	0.043978	-0.446952	-0.894288	-0.021988	0.049169	-0.000016	-0.998790	
0.014000	0.000000	0.000000	0.000000	0.894429	0.447210	0.000000	-0.447210	0.894429	0.000000	0.000000	0.000000	1.000000	0.000000	0.000000	0.000000	0.526834	-0.722807	-0.447210	-0.263414	0.361399	-0.894429	0.808121	0.589017	0.000000	0.096937	-0.048468	0.148694	0.893359	0.043741	0.447210	-0.446675	-0.021870	0.894429	0.048904	-0.998804	-0.000000	0.197527	-0.098762	-0.042034	0.893377	-0.447173	0.043741	-0.446638	-0.894447	-0.021870	0.048904	0.000002	-0.998804	0.197527	-0.098762	-0.042034	0.893363	0.044023	0.447173	-0.446631	-0.022011	0.894447	0.049219	-0.998788	-0.000002	0.200080	-0.100039	-0.099964	0.893178	-0.447543	0.044023	-0.447001	-0.894263	-0.022011	0.049219	-0.000018	-0.998788	
0.015000	0.000000	0.000000	0.000000	0.894427	0.447214	0.000000	-0.447214	0.894427	0.000000	0.000000	0.000000	1.000000	0.000000	0.000000	0.000000	0.526827	-0.722809	-0.447214	-0.263414	0.361405	-0.894427	0.808125	0.589011	0.000000	0.096936	-0.048468	0.148695	0.893356	0.043761	0.447214	-0.446679	-0.021881	0.894427	0.048927	-0.998802	-0.000000	0.197529	-0.098765	-0.042031	0.893376	-0.447173	0.043761	-0.446638	-0.894447	-0.021881	0.048927	0.000002	-0.998802	0.197529	-0.098765	-0.042031	0.893361	0.044068	0.447173	-0.446630	-0.022034	0.894447	0.049270	-0.998786	-0.000002	0.200085	-0.100043	-0.099960	0.893149	-0.447597	0.044068	-0.447054	-0.894236	-0.022034	0.049270	-0.000021	-0.998786	
0.016000	0.000000	0.000000	0.000000	0.894424	0.447219	0.000000	-0.447219	0.894424	0.000000	0.000000	0.000000	1.000000	0.000000	0.000000	0.000000	0.526821	-0.722810	-0.447219	-0.263415	0.361411	-0.894424	0.808129	0.589005	0.000000	0.096935	-0.048468	0.148696	0.893352	0.043782	0.447219	-0.446683	-0.021891	0.894424	0.048950	-0.998801	-0.000000	0.197532	-0.098767	-0.042027	0.893375	-0.447173	0.043782	-0.446637	-0.894447	-0.021891	0.048950	0.000003	-0.998801	0.197532	-0.098767	-0.042027	0.893359	0.044115	0.447173	-0.446629	-0.022058	0.894447	0.049322	-0.998783	-0.000003	0.200090	-0.100047	-0.099957	0.893118	-0.447654	0.044115	-0.447110	-0.894207	-0.022058	0.049322	-0.000024	-0.998783	
0.017000	0.000000	0.000000	0.000000	0.894422	0.447225	0.000000	-0.447225	0.894422	0.000000	0.000000	0.000000	1.000000	0.000000	0.000000	0.000000	0.526814	-0.722812	-0.447225	-0.263415	0.361417	-0.894422	0.808133	0.589000	0.000000	0.096934	-0.048468	0.148697	0.893348	0.043803	0.447225	-0.446688	-0.021902	0.894422	0.048973	-0.998800	-0.000000	0.197534	-0.098770	-0.042024	0.893374	-0.447173	0.043803	-0.446637	-0.894447	-0.021902	0.048973	0.000003	-0.998800	0.197534	-0.098770	-0.042024	0.893356	0.044162	0.447173	-0.446628	-0.022082	0.894447	0.049375	-0.998780	-0.000003	0.200095	-0.100051	-0.099953	0.893085	-0.447715	0.044162	-0.447170	-0.894176	-0.022082	0.049375	-0.000027	-0.998780	
0.018000	0.000000	0.000000	0.000000	0.894419	0.447230	0.000000	-0.447230	0.894419	0.000000	0.000000	0.000000	1.000000	0.000000	0.000000	0.000000	0.526807	-0.722813	-0.447230	-0.263416	0.361424	-0.894419	0.808137	0.588994	0.000000	0.096933	-0.048469	0.148697	0.893345	0.043824	0.447230	-0.446693	-0.021913	0.894419	0.048997	-0.998799	-0.000000	0.197537	-0.098773	-0.042021	0.893373	-0.447173	0.043824	-0.446636	-0.894447	-0.021913	0.048997	0.000003	-0.998799	0.197537	-0.098773	-0.042021	0.893354	0.044211	0.447173	-0.446627	-0.022106	0.894447	0.049430	-0.998778	-0.000003	0.200101	-0.100055	-0.099950	0.893051	-0.447779	0.044211	-0.447233	-0.894144	-0.022106	0.049430	-0.000030	-0.998778	
0.019000	0.000000	0.000000	0.000000	0.894416	0.447236	0.000000	-0.447236	0.894416	0.000000	0.000000	0.000000	1.000000	0.000000	0.000000	0.000000	0.526800	-0.722815	-0.447236	-0.263417	0.361430	-0.894416	0.808142	0.588988	0.000000	0.096931	-0.048469	0.148698	0.893341	0.043846	0.447236	-0.446699	-0.021924	0.894416	0.049022	-0.998798	-0.000000	0.197539	-0.098776	-0.042017	0.893372	-0.447173	0.043846	-0.446635	-0.894447	-0.021924	0.049022	0.000003	-0.998798	0.197539	-0.098776	-0.042017	0.893352	0.044260	0.447173	-0.446625	-0.022132	0.894447	0.049485	-0.998775	-0.000003	0.200106	-0.100059	-0.099946	0.893014	-0.447847	0.044260	-0.447300	-0.894110	-0.022132	0.049485	-0.000034	-0.998775	
0.020000	0.000000	0.000000	0.000000	0.894413	0.447242	0.000000	-0.447242	0.894413	0.000000	0.000000	0.000000	1.000000	0.000000	0.000000	0.000000	0.526793	-0.722816	-0.447242	-0.263418	0.361437	-0.894413	0.808146	0.588982	0.000000	0.096930	-0.048469	0.148699	0.893336	0.043868	0.447242	-0.446704	-0.021936	0.894413	0.049046	-0.998796	-0.000000	0.197542	-0.098779	-0.042013	0.893371	-0.447173	0.043868	-0.446635	-0.894447	-0.021936	0.049046	0.000004	-0.998796	0.197542	-0.098779	-0.042013	0.893349	0.044311	0.447173	-0.446624	-0.022157	0.894447	0.049542	-0.998772	-0.000004	0.200112	-0.100064	-0.099942	0.892976	-0.447918	0.044311	-0.447370	-0.894074	-0.022157	0.049542	-0.000038	-0.998772	
0.021000	0.000000	0.000000	0.000000	0.894410	0.447249	0.000000	-0.447249	0.894410	0.000000	0.000000	0.000000	1.000000	0.000000	0.000000	0.000000	0.526786	-0.722817	-0.447249	-0.263419	0.361444	-0.894410	0.808150	0.588976	0.000000	0.096929	-0.048469	0.148700	0.893332	0.043890	0.447249	-0.446710	-0.021947	0.894410	0.049071	-0.998795	-0.000000	0.197544	-0.098782	-0.042010	0.893370	-0.447173	0.043890	-0.446634	-0.894447	-0.021947	0.049071	0.000004	-0.998795	0.197544	-0.098782	-0.042010	0.893347	0.044362	0.447173	-0.446623	-0.022183	0.894447	0.049600	-0.998769	-0.000004	0.200117	-0.100068	-0.099938	0.892936	-0.447993	0.044362	-0.447444	-0.894037	-0.022183	0.049600	-0.000041	-0.998769	
0.022000	0.000000	0.000000	0.000000	0.894406	0.447255	0.000000	-0.447255	0.894406	0.000000	0.000000	0.000000	1.000000	0.000000	0.000000	0.000000	0.526779	-0.722819	-0.447255	-0.263420	0.361452	-0.894406	0.808155	0.588970	0.000000	0.096927	-0.048469	0.148700	0.893328	0.043913	0.447255	-0.446716	-0.021959	0.894406	0.049097	-0.998794	-0.000000	0.197547	-0.098785	-0.042006	0.893369	-0.447173	0.043913	-0.446634	-0.894447	-0.021959	0.049097	0.000005	-0.998794	0.197547	-0.098785	-0.042006	0.893344	0.044415	0.447173	-0.446621	-0.022210	0.894447	0.049658	-0.998766	-0.000005	0.200123	-0.100073	-0.099935	0.892894	-0.448071	0.044415	-0.447521	-0.893998	-0.022210	0.049658	-0.000045	-0.998766	
0.023000	0.000000	0.000000	0.000000	0.894403	0.447262	0.000000	-0.447262	0.894403	0.000000	0.000000	0.000000	1.000000	0.000000	0.000000	0.000000	0.526771	-0.722820	-0.447262	-0.263421	0.361459	-0.894403	0.808159	0.588964	0.000000	0.096926	-0.048470	0.148701	0.893323	0.043935	0.447262	-0.446722	-0.021971	0.894403	0.049123	-0.998793	-0.000000	0.197549	-0.098788	-0.042002	0.893368	-0.447173	0.043935	-0.446633	-0.894447	-0.021971	0.049123	0.000005	-0.998793	0.197549	-0.098788	-0.042002	0.893341	0.044468	0.447173	-0.446620	-0.022237	0.894447	0.049718	-0.998763	-0.000005	0.200129	-0.100078	-0.099931	0.892850	-0.448153	0.044468	-0.447601	-0.893957	-0.022237	0.049718	-0.000050	-0.998763	
0.024000	0.000000	0.000000	0.000000	0.894399	0.447270	0.000000	-0.447270	0.894399	0.000000	0.000000	0.000000	1.000000	0.000000	0.000000	0.000000	0.526763	-0.722821	-0.447270	-0.263423	0.361467	-0.894399	0.808164	0.588958	0.000000	0.096924	-0.048470	0.148702	0.893318	0.043959	0.447270	-0.446729	-0.021983	0.894399	0.049149	-0.998791	-0.000000	0.197552	-0.098792	-0.041999	0.893366	-0.447173	0.043959	-0.446633	-0.894447	-0.021983	0.049149	0.000005	-0.998791	0.197552	-0.098792	-0.041999	0.893339	0.044523	0.447173	-0.446619	-0.022265	0.894447	0.049779	-0.998760	-0.000005	0.200134	-0.100083	-0.099927	0.892805	-0.448238	0.044523	-0.447685	-0.893914	-0.022265	0.049779	-0.000054	-0.998760	
0.025000	0.000000	0.000000	0.000000	0.894395	0.447277	0.000000	-0.447277	0.894395	0.000000	0.000000	0.000000	1.000000	0.000000	0.000000	0.000000	0.526756	-0.722822	-0.447277	-0.263425	0.361475	-0.894395	0.808168	0.588952	0.000000	0.096923	-0.048470	0.148703	0.893313	0.043982	0.447277	-0.446736	-0.021995	0.894395	0.049175	-0.998790	-0.000000	0.197555	-0.098795	-0.041995	0.893365	-0.447173	0.043982	-0.446632	-0.894447	-0.021995	0.049175	0.000006	-0.998790	0.197555	-0.098795	-0.041995	0.893336	0.044578	0.447173	-0.446617	-0.022293	0.894447	0.049842	-0.998757	-0.000006	0.200140	-0.100088	-0.099923	0.892757	-0.448327	0.044578	-0.447772	-0.893870	-0.022293	0.049841	-0.000059	-0.998757	
0.026000	0.000000	0.000000	0.000000	0.894392	0.447285	0.000000	-0.447285	0.894392	0.000000	0.000000	0.000000	1.000000	0.000000	0.000000	0.000000	0.526748	-0.722823	-0.447285	-0.263426	0.361484	-0.894392	0.808173	0.588945	0.000000	0.096922	-0.048470	0.148704	0.893308	0.044006	0.447285	-0.446743	-0.022007	0.894392	0.049202	-0.998789	-0.000000	0.197558	-0.098798	-0.041991	0.893364	-0.447173	0.044006	-0.446631	-0.894447	-0.022007	0.049202	0.000006	-0.998789	0.197558	-0.098798	-0.041991	0.893333	0.044634	0.447173	-0.446616	-0.022322	0.894447	0.049905	-0.998754	-0.000006	0.200146	-0.100093	-0.099919	0.892709	-0.448419	0.044634	-0.447863	-0.893824	-0.022322	0.049905	-0.000063	-0.998754	
0.027000	0.000000	0.000000	0.000000	0.894388	0.447293	0.000000	-0.447293	0.894388	0.000000	0.000000	0.000000	1.000000	0.000000	0.000000	0.000000	0.526740	-0.722824	-0.447293	-0.263428	0.361492	-0.894388	0.808177	0.588939	0.000000	0.096920	-0.048471	0.148705	0.893303	0.044030	0.447293	-0.446751	-0.022020	0.894388	0.049229	-0.998788	-0.000000	0.197560	-0.098802	-0.041987	0.893363	-0.447173	0.044030	-0.446631	-0.894447	-0.022020	0.049229	0.000007	-0.998788	0.197560	-0.098802	-0.041987	0.893330	0.044692	0.447173	-0.446614	-0.022351	0.894447	0.049969	-0.998751	-0.000007	0.200152	-0.100098	-0.099915	0.892658	-0.448514	0.044692	-0.447956	-0.893776	-0.022351	0.049969	-0.000068	-0.998751	
0.028000	0.000000	0.000000	0.000000	0.894383	0.447301	0.000000	-0.447301	0.894383	0.000000	0.000000	0.000000	1.000000	0.000000	0.000000	0.000000	0.526732	-0.722825	-0.447301	-0.263430	0.361501	-0.894383	0.808182	0.588933	0.000000	0.096919	-0.048471	0.148706	0.893298	0.044054	0.447301	-0.446758	-0.022033	0.894383	0.049257	-0.998786	-0.000000	0.197563	-0.098806	-0.041983	0.893362	-0.447173	0.044054	-0.446630	-0.894447	-0.022033	0.049257	0.000007	-0.998786	0.197563	-0.098806	-0.041983	0.893327	0.044750	0.447173	-0.446613	-0.022380	0.894447	0.050034	-0.998747	-0.000007	0.200158	-0.100104	-0.099910	0.892605	-0.448612	0.044750	-0.448054	-0.893727	-0.022380	0.050034	-0.000074	-0.998747	
0.029000	0.000000	0.000000	0.000000	0.894379	0.447310	0.000000	-0.447310	0.894379	0.000000	0.000000	0.000000	1.000000	0.000000	0.000000	0.000000	0.526723	-0.722825	-0.447310	-0.263432	0.361510	-0.894379	0.808187	0.588926	0.000000	0.096917	-0.048472	0.148706	0.893292	0.044079	0.447310	-0.446766	-0.022046	0.894379	0.049285	-0.998785	-0.000000	0.197566	-0.098809	-0.041979	0.893360	-0.447173	0.044079	-0.446630	-0.894447	-0.022046	0.049285	0.000008	-0.998785	0.197566	-0.098809	-0.041979	0.893324	0.044809	0.447173	-0.446611	-0.022411	0.894447	0.050101	-0.998744	-0.000008	0.200165	-0.100109	-0.099906	0.892551	-0.448714	0.044809	-0.448154	-0.893675	-0.022411	0.050101	-0.000079	-0.998744	
0.030000	0.000000	0.000000	0.000000	0.894375	0.447318	0.000000	-0.447318	0.894375	0.000000	0.000000	0.000000	1.000000	0.000000	0.000000	0.000000	0.526715	-0.722826	-0.447318	-0.263435	0.361519	-0.894375	0.808192	0.588920	0.000000	0.096916	-0.048472	0.148707	0.893287	0.044104	0.447318	-0.446774	-0.022059	0.894375	0.049313	-0.998783	-0.000000	0.197568	-0.098813	-0.041975	0.893359	-0.447173	0.044104	-0.446629	-0.894447	-0.022059	0.049313	0.000008	-0.998783	0.197568	-0.098813	-0.041975	0.893321	0.044869	0.447173	-0.446610	-0.022441	0.894447	0.050168	-0.998741	-0.000008	0.200171	-0.100115	-0.099902	0.892495	-0.448819	0.044869	-0.448258	-0.893623	-0.022441	0.050168	-0.000084	-0.998741	
0.031000	0.000000	0.000000	0.000000	0.894370	0.447328	0.000000	-0.447328	0.894370	0.000000	0.000000	0.000000	1.000000	0.000000	0.000000	0.000000	0.526706	-0.722827	-0.447328	-0.263437	0.361529	-0.894370	0.808196	0.588913	0.000000	0.096914	-0.048472	0.148708	0.893281	0.044130	0.447328	-0.446783	-0.022072	0.894370	0.049342	-0.998782	-0.000000	0.197571	-0.098817	-0.041971	0.893358	-0.447173	0.044130	-0.446628	-0.894447	-0.022072	0.049342	0.000009	-0.998782	0.197571	-0.098817	-0.041971	0.893318	0.044931	0.447173	-0.446608	-0.022472	0.894447	0.050237	-0.998737	-0.000009	0.200177	-0.100120	-0.099898	0.892438	-0.448927	0.044931	-0.448365	-0.893568	-0.022472	0.050237	-0.000090	-0.998737	
0.032000	0.000000	0.000000	0.000000	0.894366	0.447337	0.000000	-0.447337	0.894366	0.000000	0.000000	0.000000	1.000000	0.000000	0.000000	0.000000	0.526697	-0.722827	-0.447337	-0.263439	0.361538	-0.894366	0.808201	0.588906	0.000000	0.096912	-0.048473	0.148709	0.893275	0.044155	0.447337	-0.446791	-0.022085	0.894366	0.049370	-0.998781	-0.000000	0.197574	-0.098821	-0.041967	0.893357	-0.447173	0.044155	-0.446628	-0.894447	-0.022085	0.049370	0.000009	-0.998781	0.197574	-0.098821	-0.041967	0.893315	0.044993	0.447173	-0.446607	-0.022504	0.894447	0.050307	-0.998734	-0.000009	0.200184	-0.100126	-0.099893	0.892379	-0.449039	0.044993	-0.448475	-0.893512	-0.022504	0.050307	-0.000096	-0.998734	
0.033000	0.000000	0.000000	0.000000	0.894361	0.447346	0.000000	-0.447346	0.894361	0.000000	0.000000	0.000000	1.000000	0.000000	0.000000	0.000000	0.526689	-0.722828	-0.447346	-0.263442	0.361548	-0.894361	0.808206	0.588900	0.000000	0.096911	-0.048473	0.148710	0.893269	0.044181	0.447346	-0.446800	-0.022099	0.894361	0.049400	-0.998779	-0.000000	0.197577	-0.098825	-0.041963	0.893355	-0.447173	0.044181	-0.446627	-0.894447	-0.022099	0.049400	0.000010	-0.998779	0.197577	-0.098825	-0.041963	0.893312	0.045056	0.447173	-0.446605	-0.022536	0.894447	0.050378	-0.998730	-0.000010	0.200190	-0.100132	-0.099889	0.892318	-0.449154	0.045056	-0.448588	-0.893454	-0.022536	0.050377	-0.000102	-0.998730	
0.034000	0.000000	0.000000	0.000000	0.894356	0.447356	0.000000	-0.447356	0.894356	0.000000	0.000000	0.000000	1.000000	0.000000	0.000000	0.000000	0.526680	-0.722828	-0.447356	-0.263445	0.361558	-0.894356	0.808211	0.588893	0.000000	0.096909	-0.048474	0.148711	0.893263	0.044207	0.447356	-0.446809	-0.022113	0.894356	0.049429	-0.998778	-0.000000	0.197580	-0.098829	-0.041958	0.893354	-0.447173	0.044207	-0.446626	-0.894447	-0.022113	0.049429	0.000010	-0.998778	0.197580	-0.098829	-0.041958	0.893309	0.045120	0.447173	-0.446604	-0.022569	0.894447	0.050449	-0.998727	-0.000010	0.200197	-0.100138	-0.099884	0.892255	-0.449272	0.045120	-0.448705	-0.893395	-0.022569	0.050449	-0.000108	-0.998727	
0.035000	0.000000	0.000000	0.000000	0.894351	0.447366	0.000000	-0.447366	0.894351	0.000000	0.000000	0.000000	1.000000	0.000000	0.000000	0.000000	0.526671	-0.722829	-0.447366	-0.263448	0.361569	-0.894351	0.808216	0.588886	0.000000	0.096907	-0.048474	0.148712	0.893256	0.044234	0.447366	-0.446819	-0.022126	0.894351	0.049459	-0.998776	-0.000000	0.197583	-0.098833	-0.041954	0.893353	-0.447173	0.044234	-0.446626	-0.894447	-0.022126	0.049459	0.000011	-0.998776	0.197583	-0.098833	-0.041954	0.893305	0.045185	0.447173	-0.446602	-0.022602	0.894447	0.050522	-0.998723	-0.000011	0.200203	-0.100144	-0.099880	0.892191	-0.449393	0.045185	-0.448825	-0.893334	-0.022602	0.050522	-0.000115	-0.998723	
0.036000	0.000000	0.000000	0.000000	0.894346	0.447377	0.000000	-0.447377	0.894346	0.000000	0.000000	0.000000	1.000000	0.000000	0.000000	0.000000	0.526661	-0.722829	-0.447377	-0.263451	0.361579	-0.894346	0.808221	0.588879	0.000000	0.096906	-0.048475	0.148713	0.893250	0.044261	0.447377	-0.446828	-0.022141	0.894346	0.049490	-0.998775	-0.000000	0.197586	-0.098838	-0.041950	0.893351	-0.447174	0.044261	-0.446625	-0.894447	-0.022141	0.049490	0.000011	-0.998775	0.197586	-0.098838	-0.041950	0.893302	0.045251	0.447174	-0.446600	-0.022635	0.894447	0.050596	-0.998719	-0.000011	0.200210	-0.100151	-0.099875	0.892125	-0.449518	0.045251	-0.448947	-0.893271	-0.022635	0.050596	-0.000122	-0.998719	
0.037000	0.000000	0.000000	0.000000	0.894340	0.447387	0.000000	-0.447387	0.894340	0.000000	0.000000	0.000000	1.000000	0.000000	0.000000	0.000000	0.526652	-0.722829	-0.447387	-0.263454	0.361590	-0.894340	0.808226	0.588872	0.000000	0.096904	-0.048475	0.148714	0.893243	0.044288	0.447387	-0.446838	-0.022155	0.894340	0.049520	-0.998773	-0.000000	0.197588	-0.098842	-0.041945	0.893350	-0.447174	0.044288	-0.446624	-0.894447	-0.022155	0.049520	0.000012	-0.998773	0.197588	-0.098842	-0.041945	0.893298	0.045318	0.447174	-0.446599	-0.022669	0.894447	0.050671	-0.998715	-0.000012	0.200217	-0.100157	-0.099871	0.892057	-0.449645	0.045318	-0.449073	-0.893207	-0.022669	0.050671	-0.000128	-0.998715	
0.038000	0.000000	0.000000	0.000000	0.894335	0.447398	0.000000	-0.447398	0.894335	0.000000	0.000000	0.000000	1.000000	0.000000	0.000000	0.000000	0.526643	-0.722830	-0.447398	-0.263457	0.361601	-0.894335	0.808231	0.588865	0.000000	0.096902	-0.048476	0.148715	0.893236	0.044316	0.447398	-0.446848	-0.022169	0.894335	0.049551	-0.998772	-0.000000	0.197591	-0.098847	-0.041941	0.893349	-0.447174	0.044316	-0.446624	-0.894447	-0.022169	0.049551	0.000012	-0.998772	0.197591	-0.098847	-0.041941	0.893295	0.045385	0.447174	-0.446597	-0.022704	0.894447	0.050748	-0.998712	-0.000012	0.200224	-0.100163	-0.099866	0.891988	-0.449776	0.045385	-0.449203	-0.893141	-0.022704	0.050747	-0.000135	-0.998712	
0.039000	0.000000	0.000000	0.000000	0.894329	0.447409	0.000000	-0.447409	0.894329	0.000000	0.000000	0.000000	1.000000	0.000000	0.000000	0.000000	0.526633	-0.722830	-0.447409	-0.263460	0.361612	-0.894329	0.808237	0.588858	0.000000	0.096900	-0.048477	0.148716	0.893229	0.044343	0.447409	-0.446859	-0.022184	0.894329	0.049583	-0.998770	-0.000000	0.197594	-0.098851	-0.041936	0.893347	-0.447174	0.044343	-0.446623	-0.894447	-0.022184	0.049583	0.000013	-0.998770	0.197594	-0.098851	-0.041936	0.893292	0.045454	0.447174	-0.446595	-0.022739	0.894447	0.050825	-0.998708	-0.000013	0.200231	-0.100170	-0.099861	0.891917	-0.449910	0.045454	-0.449335	-0.893074	-0.022739	0.050825	-0.000143	-0.998708	
0.040000	0.000000	0.000000	0.000000	0.894324	0.447420	0.000000	-0.447420	0.894324	0.000000	0.000000	0.000000	1.000000	0.000000	0.000000	0.000000	0.526623	-0.722830	-0.447420	-0.263464	0.361624	-0.894324	0.808242	0.588851	0.000000	0.096899	-0.048477	0.148717	0.893222	0.044371	0.447420	-0.446869	-0.022199	0.894324	0.049614	-0.998768	-0.000000	0.197597	-0.098856	-0.041932	0.893346	-0.447174	0.044371	-0.446622	-0.894447	-0.022199	0.049614	0.000014	-0.998768	0.197597	-0.098856	-0.041932	0.893288	0.045524	0.447174	-0.446593	-0.022775	0.894447	0.050903	-0.998704	-0.000014	0.200238	-0.100177	-0.099857	0.891844	-0.450047	0.045524	-0.449470	-0.893005	-0.022775	0.050903	-0.000150	-0.998704	
0.041000	0.000000	0.000000	0.000000	0.894318	0.447432	0.000000	-0.447432	0.894318	0.000000	0.000000	0.000000	1.000000	0.000000	0.000000	0.000000	0.526613	-0.722830	-0.447432	-0.263467	0.361635	-0.894318	0.808247	0.588843	0.000000	0.096897	-0.048478	0.148717	0.893215	0.044400	0.447432	-0.446880	-0.022213	0.894318	0.049646	-0.998767	-0.000000	0.197600	-0.098860	-0.041927	0.893345	-0.447174	0.044400	-0.446622	-0.894447	-0.022213	0.049646	0.000014	-0.998767	0.197600	-0.098860	-0.041927	0.893284	0.045595	0.447174	-0.446591	-0.022811	0.894447	0.050982	-0.998700	-0.000014	0.200245	-0.100183	-0.099852	0.891770	-0.450187	0.045595	-0.449608	-0.892935	-0.022811	0.050982	-0.000158	-0.998700	
0.042000	0.000000	0.000000	0.000000	0.894312	0.447444	0.000000	-0.447444	0.894312	0.000000	0.000000	0.000000	1.000000	0.000000	0.000000	0.000000	0.526603	-0.722830	-0.447444	-0.263471	0.361647	-0.894312	0.808252	0.588836	0.000000	0.096895	-0.048479	0.148718	0.893208	0.044428	0.447444	-0.446891	-0.022228	0.894312	0.049679	-0.998765	-0.000000	0.197603	-0.098865	-0.041923	0.893343	-0.447174	0.044428	-0.446621	-0.894447	-0.022228	0.049679	0.000015	-0.998765	0.197603	-0.098865	-0.041923	0.893281	0.045666	0.447174	-0.446590	-0.022847	0.894447	0.051063	-0.998695	-0.000015	0.200252	-0.100190	-0.099847	0.891694	-0.450330	0.045666	-0.449750	-0.892862	-0.022847	0.051062	-0.000166	-0.998695	
0.043000	0.000000	0.000000	0.000000	0.894306	0.447456	0.000000	-0.447456	0.894306	0.000000	0.000000	0.000000	1.000000	0.000000	0.000000	0.000000	0.526593	-0.722830	-0.447456	-0.263475	0.361659	-0.894306	0.808258	0.588829	0.000000	0.096893	-0.048479	0.148719	0.893200	0.044457	0.447456	-0.446902	-0.022244	0.894306	0.049712	-0.998764	-0.000000	0.197606	-0.098870	-0.041918	0.893342	-0.447174	0.044457	-0.446620	-0.894447	-0.022244	0.049712	0.000016	-0.998764	0.197606	-0.098870	-0.041918	0.893277	0.045739	0.447174	-0.446588	-0.022884	0.894447	0.051144	-0.998691	-0.000016	0.200259	-0.100197	-0.099842	0.891616	-0.450476	0.045739	-0.449894	-0.892789	-0.022884	0.051144	-0.000174	-0.998691	
0.044000	0.000000	0.000000	0.000000	0.894300	0.447468	0.000000	-0.447468	0.894300	0.000000	0.000000	0.000000	1.000000	0.000000	0.000000	0.000000	0.526583	-0.722830	-0.447468	-0.263479	0.361672	-0.894300	0.808263	0.588821	0.000000	0.096891	-0.048480	0.148720	0.893193	0.044487	0.447468	-0.446914	-0.022259	0.894300	0.049745	-0.998762	-0.000000	0.197610	-0.098875	-0.041913	0.893340	-0.447174	0.044487	-0.446619	-0.894447	-0.022259	0.049745	0.000016	-0.998762	0.197610	-0.098875	-0.041913	0.893273	0.045812	0.447174	-0.446586	-0.022922	0.894447	0.051227	-0.998687	-0.000016	0.200267	-0.100204	-0.099837	0.891537	-0.450625	0.045812	-0.450041	-0.892713	-0.022922	0.051226	-0.000182	-0.998687	
0.045000	0.000000	0.000000	0.000000	0.894294	0.447480	0.000000	-0.447480	0.894294	0.000000	0.000000	0.000000	1.000000	0.000000	0.000000	0.000000	0.526573	-0.722830	-0.447480	-0.263483	0.361684	-0.894294	0.808269	0.588814	0.000000	0.096889	-0.048481	0.148721	0.893185	0.044516	0.447480	-0.446926	-0.022275	0.894294	0.049778	-0.998760	-0.000000	0.197613	-0.098880	-0.041908	0.893339	-0.447174	0.044516	-0.446619	-0.894447	-0.022275	0.049778	0.000017	-0.998760	0.197613	-0.098880	-0.041908	0.893269	0.045887	0.447174	-0.446584	-0.022960	0.894447	0.051310	-0.998683	-0.000017	0.200274	-0.100212	-0.099832	0.891457	-0.450777	0.045887	-0.450192	-0.892637	-0.022960	0.051310	-0.000190	-0.998683	
0.046000	0.000000	0.000000	0.000000	0.894287	0.447493	0.000000	-0.447493	0.894287	0.000000	0.000000	0.000000	1.000000	0.000000	0.000000	0.000000	0.526562	-0.722829	-0.447493	-0.263487	0.361697	-0.894287	0.808274	0.588806	0.000000	0.096887	-0.048482	0.148722	0.893177	0.044546	0.447493	-0.446937	-0.022290	0.894287	0.049812	-0.998759	-0.000000	0.197616	-0.098885	-0.041904	0.893337	-0.447174	0.044546	-0.446618	-0.894447	-0.022290	0.049812	0.000018	-0.998759	0.197616	-0.098885	-0.041904	0.893265	0.045962	0.447174	-0.446582	-0.022998	0.894447	0.051395	-0.998678	-0.000018	0.200282	-0.100219	-0.099827	0.891374	-0.450932	0.045962	-0.450345	-0.892558	-0.022998	0.051394	-0.000199	-0.998678	
0.047000	0.000000	0.000000	0.000000	0.894281	0.447506	0.000000	-0.447506	0.894281	0.000000	0.000000	0.000000	1.000000	0.000000	0.000000	0.000000	0.526552	-0.722829	-0.447506	-0.263491	0.361710	-0.894281	0.808280	0.588799	0.000000	0.096885	-0.048482	0.148723	0.893169	0.044576	0.447506	-0.446950	-0.022306	0.894281	0.049846	-0.998757	-0.000000	0.197619	-0.098890	-0.041899	0.893336	-0.447174	0.044576	-0.446617	-0.894447	-0.022306	0.049846	0.000019	-0.998757	0.197619	-0.098890	-0.041899	0.893262	0.046038	0.447174	-0.446580	-0.023037	0.894447	0.051480	-0.998674	-0.000019	0.200289	-0.100226	-0.099822	0.891290	-0.451090	0.046038	-0.450501	-0.892479	-0.023037	0.051480	-0.000207	-0.998674	
0.048000	0.000000	0.000000	0.000000	0.894274	0.447519	0.000000	-0.447519	0.894274	0.000000	0.000000	0.000000	1.000000	0.000000	0.000000	0.000000	0.526541	-0.722829	-0.447519	-0.263495	0.361723	-0.894274	0.808285	0.588791	0.000000	0.096884	-0.048483	0.148724	0.893161	0.044607	0.447519	-0.446962	-0.022322	0.894274	0.049880	-0.998755	-0.000000	0.197622	-0.098895	-0.041894	0.893334	-0.447174	0.044607	-0.446616	-0.894447	-0.022322	0.049880	0.000019	-0.998755	0.197622	-0.098895	-0.041894	0.893258	0.046115	0.447174	-0.446578	-0.023077	0.894447	0.051567	-0.998670	-0.000019	0.200297	-0.100234	-0.099817	0.891205	-0.451251	0.046115	-0.450660	-0.892397	-0.023077	0.051567	-0.000216	-0.998670	
0.049000	0.000000	0.000000	0.000000	0.894268	0.447533	0.000000	-0.447533	0.894268	0.000000	0.000000	0.000000	1.000000	0.000000	0.000000	0.000000	0.526530	-0.722828	-0.447533	-0.263500	0.361736	-0.894268	0.808291	0.588783	0.000000	0.096882	-0.048484	0.148726	0.893153	0.044637	0.447533	-0.446975	-0.022339	0.894268	0.049915	-0.998753	-0.000000	0.197625	-0.098901	-0.041889	0.893333	-0.447174	0.044637	-0.446615	-0.894447	-0.022339	0.049915	0.000020	-0.998753	0.197625	-0.098901	-0.041889	0.893254	0.046193	0.447174	-0.446576	-0.023117	0.894447	0.051655	-0.998665	-0.000020	0.200304	-0.100241	-0.099812	0.891118	-0.451415	0.046193	-0.450822	-0.892314	-0.023117	0.051654	-0.000225	-0.998665	
0.050000	0.000000	0.000000	0.000000	0.894261	0.447546	0.000000	-0.447546	0.894261	0.000000	0.000000	0.000000	1.000000	0.000000	0.000000	0.000000	0.526519	-0.722828	-0.447546	-0.263504	0.361750	-0.894261	0.808296	0.588776	0.000000	0.096879	-0.048485	0.148727	0.893145	0.044668	0.447546	-0.446987	-0.022355	0.894261	0.049950	-0.998752	-0.000000	0.197628	-0.098906	-0.041884	0.893331	-0.447174	0.044668	-0.446615	-0.894447	-0.022355	0.049950	0.000021	-0.998752	0.197628	-0.098906	-0.041884	0.893249	0.046273	0.447174	-0.446574	-0.023157	0.894447	0.051743	-0.998660	-0.000021	0.200312	-0.100249	-0.099806	0.891029	-0.451581	0.046273	-0.450987	-0.892230	-0.023157	0.051743	-0.000235	-0.998660	
0.051000	0.000000	0.000000	0.000000	0.894254	0.447560	0.000000	-0.447560	0.894254	0.000000	0.000000	0.000000	1.000000	0.000000	0.000000	0.000000	0.526508	-0.722827	-0.447560	-0.263509	0.361764	-0.894254	0.808302	0.588768	0.000000	0.096877	-0.048486	0.148728	0.893136	0.044700	0.447560	-0.447001	-0.022371	0.894254	0.049985	-0.998750	-0.000000	0.197632	-0.098912	-0.041879	0.893330	-0.447174	0.044700	-0.446614	-0.894447	-0.022371	0.049985	0.000022	-0.998750	0.197632	-0.098912	-0.041879	0.893245	0.046352	0.447174	-0.446572	-0.023198	0.894447	0.051833	-0.998656	-0.000022	0.200320	-0.100257	-0.099801	0.890939	-0.451751	0.046352	-0.451155	-0.892144	-0.023198	0.051833	-0.000244	-0.998656	
0.052000	0.000000	0.000000	0.000000	0.894247	0.447574	0.000000	-0.447574	0.894247	0.000000	0.000000	0.000000	1.000000	0.000000	0.000000	0.000000	0.526497	-0.722827	-0.447574	-0.263514	0.361778	-0.894247	0.808308	0.588760	0.000000	0.096875	-0.048487	0.148729	0.893127	0.044731	0.447574	-0.447014	-0.022388	0.894247	0.050021	-0.998748	-0.000000	0.197635	-0.098917	-0.041874	0.893328	-0.447174	0.044731	-0.446613	-0.894447	-0.022388	0.050021	0.000022	-0.998748	0.197635	-0.098917	-0.041874	0.893241	0.046433	0.447174	-0.446569	-0.023239	0.894447	0.051924	-0.998651	-0.000022	0.200328	-0.100265	-0.099796	0.890847	-0.451923	0.046433	-0.451326	-0.892057	-0.023239	0.051924	-0.000254	-0.998651	
0.053000	0.000000	0.000000	0.000000	0.894240	0.447588	0.000000	-0.447588	0.894240	0.000000	0.000000	0.000000	1.000000	0.000000	0.000000	0.000000	0.526485	-0.722826	-0.447588	-0.263519	0.361792	-0.894240	0.808314	0.588752	0.000000	0.096873	-0.048487	0.148730	0.893119	0.044763	0.447588	-0.447027	-0.022405	0.894240	0.050057	-0.998746	-0.000000	0.197638	-0.098923	-0.041869	0.893326	-0.447174	0.044763	-0.446612	-0.894447	-0.022405	0.050057	0.000023	-0.998746	0.197638	-0.098923	-0.041869	0.893237	0.046515	0.447174	-0.446567	-0.023281	0.894447	0.052016	-0.998646	-0.000023	0.200336	-0.100273	-0.099790	0.890754	-0.452099	0.046515	-0.451499	-0.891968	-0.023281	0.052015	-0.000264	-0.998646	
0.054000	0.000000	0.000000	0.000000	0.894232	0.447603	0.000000	-0.447603	0.894232	0.000000	0.000000	0.000000	1.000000	0.000000	0.000000	0.000000	0.526474	-0.722826	-0.447603	-0.263524	0.361806	-0.894232	0.808320	0.588744	0.000000	0.096871	-0.048488	0.148731	0.893110	0.044795	0.447603	-0.447041	-0.022422	0.894232	0.050093	-0.998745	-0.000000	0.197641	-0.098928	-0.041864	0.893325	-0.447174	0.044795	-0.446611	-0.894447	-0.022422	0.050093	0.000024	-0.998745	0.197641	-0.098928	-0.041864	0.893232	0.046598	0.447174	-0.446565	-0.023323	0.894447	0.052109	-0.998641	-0.000024	0.200344	-0.100281	-0.099785	0.890660	-0.452277	0.046598	-0.451675	-0.891878	-0.023323	0.052108	-0.000274	-0.998641	
0.055000	0.000000	0.000000	0.000000	0.894225	0.447618	0.000000	-0.447618	0.894225	0.000000	0.000000	0.000000	1.000000	0.000000	0.000000	0.000000	0.526462	-0.722825	-0.447618	-0.263529	0.361821	-0.894225	0.808325	0.588736	0.000000	0.096869	-0.048489	0.148732	0.893101	0.044828	0.447618	-0.447055	-0.022439	0.894225	0.050130	-0.998743	-0.000000	0.197645	-0.098934	-0.041858	0.893323	-0.447174	0.044828	-0.446610	-0.894447	-0.022439	0.050130	0.000025	-0.998743	0.197645	-0.098934	-0.041858	0.893228	0.046682	0.447174	-0.446563	-0.023366	0.894447	0.052203	-0.998636	-0.000025	0.200352	-0.100289	-0.099779	0.890563	-0.452458	0.046682	-0.451854	-0.891786	-0.023366	0.052202	-0.000284	-0.998636	
0.056000	0.000000	0.000000	0.000000	0.894218	0.447633	0.000000	-0.447633	0.894218	0.000000	0.000000	0.000000	1.000000	0.000000	0.000000	0.000000	0.526451	-0.722824	-0.447633	-0.263534	0.361836	-0.894218	0.808331	0.588728	0.000000	0.096867	-0.048490	0.148733	0.893092	0.044860	0.447633	-0.447069	-0.022456	0.894218	0.050167	-0.998741	-0.000000	0.197648	-0.098940	-0.041853	0.893321	-0.447174	0.044860	-0.446610	-0.894447	-0.022456	0.050167	0.000026	-0.998741	0.197648	-0.098940	-0.041853	0.893224	0.046766	0.447174	-0.446561	-0.023409	0.894447	0.052298	-0.998632	-0.000026	0.200360	-0.100298	-0.099774	0.890465	-0.452641	0.046766	-0.452036	-0.891693	-0.023409	0.052297	-0.000295	-0.998632	
